27.90151008953628
28.20245890685554
27.864849213773443
26.874716022985435
26.86748630228518
26.33738696601185
26.862431034153605
26.359698650273955
26.44137081087502
27.157623947614592
26.39360732812557
26.471546616775804
27.028762631194812
26.87039193600733
26.954394405095996
27.11071762662034
27.115351659840737
27.413967956998828
27.34558332219698
27.475871976480022
27.269194300732455
27.172433272994546
27.339488347500712
28.330165040759052
27.517017239075237
27.51683816651076
28.645779816967842
28.405438040510873
29.37423677577221
29.515595349458774
29.636513732201593
29.49566099826273
29.578478895597698
29.75878265244358
29.667241938870966
29.95600769150816
30.259413228543256
29.784015698741708
29.48505501358635
29.40650808499265
30.234645684690175
29.709131173517115
29.24910106318508
29.460835469488416
29.042116204136786
28.511475286010608
28.776449313479347
29.505760278854293
29.431328698792093
29.478588801282907
30.19010148493448
29.993189691505876
30.60836008159375
30.601142837344895
31.271174662568487
30.416954620950346
28.765388682182536
28.481691834825604
28.93809244456927
28.952287407011447
29.481298593752395
29.329736650386035
29.04422086889012
29.542997460911398
30.17043349541011
28.676948558145938
28.76602488027589
29.0874138242762
29.919585843854765
30.14769286573376
30.792873235672218
29.8363717017833
30.73190556128137
30.519922635451167
30.68398770546572
30.02587619657188
30.861939877575317
30.184937139567637
30.60403243131689
30.42715488440465
29.45234713086288
29.12311972177586
29.546889415204586
29.74002341816053
29.903725306773786
30.293853665207028
29.99986021956281
29.963937956337396
29.58534175592016
30.521831707425722
29.94601683229239
30.02124380479812
30.448223140911516
30.716308739525903
29.95836879382741
30.83313566305849
30.077391916522814
29.74672932115516
29.959824086110334
29.911407189629827
